,1,2,4
x,"[0.7  0.71 0.72 0.73 0.74 0.75 0.76 0.77 0.78 0.79 0.8  0.81 0.82 0.83
 0.84 0.85 0.86 0.87 0.88 0.89 0.9  0.91 0.92 0.93 0.94 0.95 0.96 0.97
 0.98 0.99]","[0.7  0.71 0.72 0.73 0.74 0.75 0.76 0.77 0.78 0.79 0.8  0.81 0.82 0.83
 0.84 0.85 0.86 0.87 0.88 0.89 0.9  0.91 0.92 0.93 0.94 0.95 0.96 0.97
 0.98 0.99]","[0.7  0.71 0.72 0.73 0.74 0.75 0.76 0.77 0.78 0.79 0.8  0.81 0.82 0.83
 0.84 0.85 0.86 0.87 0.88 0.89 0.9  0.91 0.92 0.93 0.94 0.95 0.96 0.97
 0.98 0.99]"
waitingtimes,"[107.62129951167677, 116.15367257940322, 124.5619244451398, 133.13411961145678, 140.91408498145935, 150.04922492383162, 159.85853855451336, 170.42392162186437, 182.9158071962032, 199.8929744643309, 211.92444480383273, 234.26792898767678, 241.3992991505563, 267.69188822499945, 296.1838726912385, 309.7867881370364, 342.1582975751042, 385.9262466426998, 423.02871656806434, 464.3945877237664, 560.64901373351, 595.8919180992812, 716.345015187506, 814.924692530306, 959.0515817503059, 1142.0306239104664, 1403.2775328233645, 1872.8426974530241, 2434.8838396508986, 3393.152420883697]","[44.531854499471585, 48.88475458348407, 52.41139212978902, 56.78383992476191, 59.2190588781221, 63.23676775719644, 69.07998633436804, 74.13229427410675, 82.8833166750185, 87.30587906461922, 95.09085763337619, 101.76415952568622, 110.12413782709541, 119.13217192383055, 131.9103230087314, 144.5205541577652, 159.56953210691285, 182.60674839353658, 201.41676660192275, 225.8199682934042, 279.8761970387883, 295.69258148907164, 324.1349249855275, 373.9608157111041, 470.5194671265336, 528.7768222825378, 731.5686237639794, 949.8932638140185, 1217.7160159832756, 1687.8454404381753]","[16.156380059015746, 17.9802587807352, 19.622331007003453, 21.53587756369468, 22.785734889701008, 25.693102823233076, 27.532138349726626, 30.021041466548404, 33.00379033965114, 36.16687975301463, 39.259208819607004, 43.83877706599263, 48.54508649991995, 52.775565190878325, 56.41827331284822, 63.63128027257897, 72.28714764646313, 83.94950883298722, 92.7374310929959, 107.67375109452553, 116.29141986013956, 143.4645288871095, 155.40089032867766, 175.20068355479756, 216.10406664169918, 261.8442583278294, 327.16990357291377, 468.3530008592904, 590.2506997485791, 858.111653662248]"
confidences,"[2.4805800420124204, 2.718948328474658, 3.0172722306228037, 3.3833099528916515, 3.0450929036692966, 3.641972566802372, 4.583380252152527, 5.333681999145304, 4.938479803334321, 5.021839069329668, 5.9449240539053525, 7.1121595356074145, 7.514696385362718, 8.337032308288617, 12.315609584235894, 10.676887486630433, 15.406062919538254, 19.175869510139446, 20.859781229407982, 21.592443841792704, 39.18091089250909, 38.9671411566791, 56.1700154273144, 50.556123076416, 86.31666152603498, 99.56219172848024, 98.61340308025687, 98.33671895249577, 98.16116608502641, 98.03105085576277]","[1.2668392716290595, 1.2338728632205826, 1.5464428158204377, 1.5269478697707168, 1.650164397029489, 1.9822195706880055, 1.9229982011494002, 1.9880660232844625, 2.685366144125435, 2.33442612980288, 3.056763164304535, 2.6837316711147308, 4.183842008835145, 4.42528898402717, 4.813403767856068, 5.795099796642638, 7.131697434406233, 10.010505131923841, 12.817717584263525, 11.967867516115556, 21.393590295339518, 21.715133572419138, 21.204226111017803, 24.949514113239335, 39.0447467961013, 48.919823398542, 85.62206856998142, 98.44454211113283, 98.21229237056741, 98.07865183150571]","[0.3741665061320922, 0.49634625763063167, 0.5567902319552094, 0.6975011785710523, 0.7094112087524361, 0.880543470100724, 1.0486867657382772, 1.1617875908484605, 1.2316798294861042, 1.144589570747942, 1.5631438000094646, 1.661788525326233, 1.831981794438641, 2.315894274945876, 2.6433610748171428, 2.9791996495408273, 3.4599095149749095, 5.715267482787175, 5.521509091164642, 6.022719992176056, 7.496657174195893, 9.685729294146249, 11.975431809869354, 15.759179539878785, 19.686122194618882, 32.08943375792618, 37.74802475143796, 76.6235933918399, 87.27917560276502, 98.49096377129104]"
n_simulations,"[51, 51, 51, 51, 51, 51, 51, 51, 51, 51, 51, 51, 51, 51, 51, 51, 51, 51, 51, 51, 51, 51, 51, 51, 51, 75, 102, 320, 708, 1646]","[51, 51, 51, 51, 51, 51, 51, 51, 51, 51, 51, 51, 51, 51, 51, 51, 51, 51, 51, 51, 51, 51, 51, 51, 51, 51, 51, 129, 205, 411]","[51, 51, 51, 51, 51, 51, 51, 51, 51, 51, 51, 51, 51, 51, 51, 51, 51, 51, 51, 51, 51, 51, 51, 51, 51, 51, 51, 51, 51, 140]"
